0.15250
-0.01328
-0.02345
0.12314
-0.06693
-0.11898
-0.12562
0.00332
0.04053
-0.00766
-0.11783
0.00424
0.10333
0.01829
-0.02823
-0.01773
-0.09109
0.04114
0.05197
-0.14758
0.07398
0.09306
-0.11666
0.11721
0.02663
-0.13265
0.00710
0.00256
-0.09275
0.06240
-0.17388
-0.11264
0.10496
0.19618
0.00615
0.10608
-0.08859
-0.02490
-0.05903
0.01524
-0.09375
0.09952
0.06650
0.18783
0.02529
0.15047
-0.09328
-0.13392
-0.08708
0.03450
0.02855
-0.09106
-0.01504
0.09224
-0.01327
0.08616
-0.04762
-0.00277
-0.13844
-0.03556
0.00331
0.09973
-0.03094
0.12111
0.20002
0.01469
-0.04182
-0.02655
0.16147
0.08783
0.00910
0.11076
-0.05395
0.04938
-0.02169
-0.04147
-0.00192
0.01259
-0.06148
-0.05352
0.05204
0.10418
0.08079
-0.06793
-0.05217
-0.01061
-0.04676
0.02233
-0.16579
-0.14954
-0.07571
0.06432
0.02235
0.05986
-0.13995
0.04221
-0.25173
0.04670
0.04233
0.08950
