-0.13513 -0.07206 -0.16930 -0.11114 0.06774 0.22482 0.16270 0.08098 -0.24194 0.03301
0.12537 0.07563 -0.10663 0.03787 -0.14898 0.50099 -0.07660 -0.36715 0.16609 -0.06688
0.39711 -0.14830 0.41988 -0.12996 -0.33788 -0.16376 0.23633 0.19269 -0.02378 -0.14733
-0.10342 0.11458 -0.19123 -0.26347 0.20628 -0.15947 -0.31334 0.59283 -0.28136 0.17415
-0.11163 0.01981 0.09510 0.23185 -0.07024 -0.08265 0.10150 0.30410 0.08866 0.15199
-0.23069 -0.17696 0.07264 -0.32426 0.42806 -0.24987 0.21636 0.20282 0.10777 0.32424
0.05085 0.12332 0.15106 -0.12673 -0.10622 -0.18343 -0.00898 0.14436 0.11755 0.30569
0.22587 -0.16394 -0.36337 -0.23613 0.19039 0.02699 0.13942 0.17521 -0.16488 -0.13974
0.33938 -0.13701 0.20210 0.30535 -0.42338 0.11296 0.03796 0.07734 -0.08631 -0.18233
-0.28465 -0.05448 -0.21296 0.16436 0.08166 0.18068 -0.06220 0.12038 0.19965 0.25506
0.13219 0.11213 -0.05932 -0.02810 -0.33678 -0.08667 -0.32185 0.26596 0.28611 0.26642
-0.08700 -0.21119 0.06929 0.08768 -0.01364 0.19278 -0.14717 0.22034 -0.00118 0.08302
0.25530 -0.12924 0.34289 -0.21718 -0.28410 0.37755 0.08745 0.09931 0.18769 -0.17413
-0.13249 0.23286 0.38712 -0.27009 -0.30282 -0.58447 0.29970 0.30827 -0.14512 0.07056
0.13898 0.31178 0.02603 -0.17454 -0.23927 -0.19283 -0.17385 -0.30204 -0.05392 -0.10823
0.36818 -0.14481 -0.02162 0.19170 -0.09612 0.01292 0.10942 -0.22382 -0.12092 -0.31168
0.21968 -0.13700 -0.24651 0.16130 0.10281 -0.09861 0.06312 0.07911 0.00229 0.14846
0.09285 0.29513 0.09842 -0.05876 -0.24715 0.13157 0.25607 -0.14349 0.06913 -0.14353
0.19895 0.01111 -0.17050 0.16441 -0.08070 0.03225 -0.52588 0.41602 0.10632 0.34366
0.08441 0.26816 0.08628 0.08430 0.04184 -0.12093 -0.01996 -0.19816 0.22476 0.01372
-0.25524 -0.24602 0.06146 -0.29344 0.03038 -0.01768 -0.36246 -0.19726 0.01370 0.32920
-0.31968 -0.00000 -0.17502 -0.20610 0.17827 0.07112 0.26623 0.16222 0.00147 0.16811
0.15664 0.27593 -0.00872 -0.19966 0.19838 -0.26779 -0.29882 0.19559 0.14315 0.35187
-0.52687 0.27203 -0.28069 -0.07384 0.38828 -0.02982 0.28247 -0.05369 -0.10503 0.34239
-0.20535 -0.01061 0.37870 0.21116 -0.30268 0.09353 -0.26853 0.05279 -0.12395 -0.36101
0.29695 -0.07699 0.42051 -0.02274 -0.22459 0.00614 0.28510 -0.21009 0.33743 -0.34095
-0.10387 0.41409 -0.10751 0.18745 -0.16404 0.08883 -0.05859 0.13600 0.02973 0.17364
-0.24587 -0.21814 0.00648 0.36560 0.19308 -0.11565 -0.05399 0.15668 -0.08917 0.14800
-0.29781 0.18950 0.05699 0.05750 -0.18258 -0.25665 -0.09153 0.02886 -0.03553 0.17304
0.31197 0.01129 -0.24699 -0.27463 0.15731 -0.04890 0.16025 0.09659 -0.09880 -0.02247
-0.16959 -0.16632 0.61614 -0.03598 -0.00312 -0.37959 0.16331 -0.35774 0.30910 -0.23672
0.24659 -0.06970 0.05296 -0.08391 -0.11759 0.01524 0.07501 -0.31068 0.11210 -0.07092
0.31895 0.00462 -0.33621 0.34903 -0.15873 0.15714 0.13687 0.26767 -0.24314 -0.27793
-0.12951 0.05592 -0.32030 -0.05081 0.02222 0.35700 0.33204 0.12969 -0.17056 -0.23832
-0.33685 0.32615 0.10749 -0.12016 -0.12776 0.12058 -0.32887 0.27562 0.11897 0.28247
-0.23340 0.24657 0.18292 -0.38498 -0.09389 0.25546 0.22390 0.16462 -0.15272 -0.29532
0.06497 0.25964 0.35849 -0.12106 0.08095 -0.46661 0.34402 0.07756 -0.10012 -0.26374
-0.06367 0.20279 -0.07608 -0.27090 0.04288 0.11723 0.18112 -0.09245 0.19887 -0.28132
0.20614 0.32147 0.04347 0.30185 -0.25700 0.23949 -0.20972 -0.46942 0.14764 -0.18611
0.31947 -0.36216 0.43646 0.46504 -0.19021 0.26984 -0.34658 -0.08923 -0.22619 0.08812
0.09839 -0.00759 -0.20600 0.14069 -0.01343 0.06787 0.10510 0.01599 0.18171 -0.03384
0.12073 -0.09964 -0.26643 -0.28266 -0.11093 0.50370 0.26957 0.14228 0.06000 -0.27581
-0.12402 0.00490 0.05726 -0.40342 0.14527 -0.10045 0.15789 0.39687 -0.01327 -0.06436
0.44255 -0.44018 0.16670 -0.08048 0.05364 0.28938 -0.30844 0.02321 -0.17641 0.18380
-0.02856 -0.27639 0.09901 0.18374 0.12225 -0.06500 -0.31638 0.18433 -0.07566 0.10681
0.00347 -0.32429 -0.09581 -0.21498 -0.16766 0.12507 0.28762 0.00638 -0.16479 -0.12261
-0.02529 -0.14296 0.14684 -0.08011 0.51351 0.10728 0.28961 -0.28426 0.17446 0.10442
0.32143 -0.22097 0.26787 -0.06207 0.02002 -0.09036 0.25119 -0.40239 -0.02102 0.11011
0.14112 0.03748 -0.30526 -0.16812 -0.00456 -0.01479 -0.14854 -0.13165 0.12666 0.16174
-0.05623 0.40430 -0.25920 0.32893 -0.41487 -0.25594 0.15983 0.49733 -0.27145 -0.02076
-0.03470 -0.35199 -0.20911 -0.14664 -0.38889 0.42836 -0.27681 0.28418 0.15797 0.21015
0.08247 0.02997 0.18335 0.17559 -0.36424 -0.18536 0.07754 -0.24681 0.05259 -0.10598
0.14843 -0.26349 0.21371 0.27357 -0.20487 0.03401 -0.32968 0.30067 0.01764 0.00973
-0.31054 0.28695 0.28316 -0.28694 0.44466 0.02175 0.18092 -0.27178 -0.41046 -0.33800
0.29704 -0.02150 -0.39812 -0.20510 0.30907 0.13013 0.01594 -0.04824 0.10081 0.30796
0.27651 -0.44296 0.36264 -0.06606 -0.08101 -0.04144 -0.07017 0.43230 -0.09426 -0.29738
0.21067 0.15583 0.08266 -0.20542 -0.24380 0.04335 0.26273 -0.05624 0.09992 0.12151
0.43724 -0.05634 -0.11301 -0.12157 0.06338 0.22056 -0.07112 -0.01310 0.15598 0.13769
-0.03246 0.29566 0.03786 -0.11000 -0.11770 -0.46901 0.37166 0.07046 0.09886 0.27428
0.13803 -0.00856 0.09420 -0.19195 0.15977 -0.28494 0.11358 0.39550 0.02483 0.02690
-0.02887 -0.44168 -0.29331 -0.26221 0.22186 0.02173 -0.08383 0.21289 0.09545 0.32716
-0.15504 0.29051 0.21975 -0.01420 -0.29288 0.14966 0.00286 -0.09065 -0.07016 -0.05849
0.10153 0.30623 0.37312 0.39972 -0.10238 -0.32157 -0.10998 0.07880 -0.15511 0.04601
0.17379 0.11325 -0.03533 0.28021 -0.18184 -0.02135 -0.04623 0.45784 -0.24975 0.12535
0.27785 -0.18815 -0.31582 0.00694 0.16342 0.53896 0.22568 0.48606 -0.72712 -0.18086
0.38642 -0.13337 0.22733 -0.02134 -0.35792 -0.00956 -0.24467 0.15682 -0.15147 -0.24694
-0.11756 -0.07402 0.23679 0.30502 -0.12752 -0.02697 0.19503 -0.12948 -0.07990 -0.10221
0.15321 0.17238 0.38336 -0.19494 -0.30604 -0.12725 0.15798 -0.14058 -0.03855 -0.13067
-0.07457 -0.03595 0.12486 -0.12794 -0.19846 0.46288 -0.35316 0.33314 -0.06682 -0.03982
0.24231 -0.09091 -0.28306 0.29437 -0.03209 -0.10609 -0.22867 0.45711 -0.20598 0.07586
-0.13480 0.05377 0.01090 0.12943 0.08882 -0.03881 0.15343 -0.11996 -0.06523 0.14273
0.37452 0.24797 -0.15176 0.29541 -0.10033 0.21994 0.09125 0.03742 -0.11011 -0.06930
0.05684 -0.11278 0.00651 0.02837 -0.10939 -0.02201 -0.32134 -0.13769 -0.02277 0.16462
0.31779 0.18358 0.35297 0.20531 -0.12744 0.32346 0.02363 -0.44290 0.02006 -0.30867
-0.26641 -0.26367 -0.25881 -0.06646 0.20114 -0.13661 -0.07510 0.36986 0.00573 0.12550
-0.00328 0.26919 -0.08682 -0.21009 0.06374 0.14297 0.12218 0.02697 0.21376 0.18696
-0.19466 -0.18326 0.02672 0.32887 -0.00920 0.06491 0.03463 -0.04332 -0.09893 -0.11761
-0.01778 0.01174 -0.03823 0.13045 0.10159 0.02744 -0.01885 -0.30470 0.00324 -0.07472
0.19358 0.21514 0.02670 0.16398 0.10654 0.02706 -0.29493 -0.03125 0.17280 0.22421
0.09546 -0.22006 0.39479 0.08472 -0.27218 -0.19556 0.16781 0.32936 -0.02729 0.09070
0.26036 -0.28321 0.23620 -0.25389 0.09207 -0.28103 -0.09706 0.23776 -0.36659 0.17300
-0.09382 0.21579 -0.05074 -0.25086 0.11532 -0.05695 0.13535 0.41561 -0.00676 0.29916
0.27017 -0.33776 -0.04707 -0.13061 -0.15609 0.23911 0.08434 -0.11747 -0.03194 -0.00385
0.27997 0.11017 0.39818 0.03480 0.29328 -0.40948 0.45940 -0.53118 -0.29552 -0.07783
-0.33768 0.27117 -0.43455 0.07638 0.25659 -0.03288 -0.25621 -0.06169 0.06302 0.09841
-0.01389 0.01744 0.17502 0.30785 -0.41511 0.35721 -0.27148 0.02308 0.32598 -0.39337
-0.26626 0.01908 -0.16786 0.05935 -0.30493 -0.20356 0.15410 -0.18562 -0.20960 0.06487
0.23606 0.14675 0.01019 -0.13752 -0.05222 -0.38564 0.17058 0.21485 -0.17913 -0.02665
0.18061 -0.20253 -0.28758 -0.34666 0.35185 -0.30991 0.19194 -0.05777 0.34460 0.08639
0.21575 -0.35686 0.47116 -0.25044 0.07092 -0.11376 0.42812 -0.51415 0.10292 -0.15091
0.18980 -0.40469 -0.35590 0.07746 0.06251 0.02442 0.17907 0.12266 0.20539 0.24986
-0.06458 0.23192 -0.28462 -0.17224 0.11348 -0.25193 -0.14696 0.14003 -0.30140 0.24123
0.39648 -0.19944 0.17004 -0.23431 0.05722 0.14112 0.05596 -0.31427 -0.05605 -0.03659
-0.14787 0.26411 -0.33056 -0.13382 0.09101 0.07219 0.39053 -0.06264 -0.18849 0.21037
0.01449 0.08220 0.07035 0.12759 -0.25338 -0.18539 0.38628 -0.27562 0.20073 -0.20029
-0.01353 0.32074 -0.32408 -0.22066 0.08402 0.23316 0.21778 -0.17384 0.01749 0.09600
-0.07801 -0.06803 0.36670 0.43328 0.21494 -0.40995 -0.19287 0.25390 0.48036 -0.51794
-0.07838 0.22407 0.02218 0.09463 -0.29492 0.13269 -0.25556 0.11817 0.21321 -0.28679
0.26015 0.04145 0.22401 0.17188 -0.36730 -0.19972 -0.28243 0.19978 -0.17209 -0.08759
-0.23068 0.25921 -0.07583 -0.04044 -0.03790 0.46859 -0.13918 -0.28435 0.00968 -0.25867
